0.318 0.468
0.612 0.307
0.948 0.434
0.373 0.013
0.098 0.854
0.282 0.232
0.496 0.789
0.337 0.874
0.154 0.275
0.297 0.228
0.88 0.173
0.001 0.235
0.66 0.2
0.112 0.068
0.486 0.865
0.395 0.083
0.058 0.81
0.521 0.943
0.19 0.021
0.728 0.143
0.545 0.274
0.041 0.878
0.39 0.806
0.082 0.42
0.689 0.991
0.742 0.364
0.654 0.334
0.66 0.121
0.692 0.568
0.603 0.344
0.822 0.568
0.12 0.851
0.451 0.183
0.409 0.488
0.422 0.126
0.601 0.566
0.889 0.35
0.679 0.049
0.493 0.893
0.393 0.638
0.849 0.654
0.471 0.909
0.853 0.8
0.196 0.726
0.807 0.183
0.915 0.876
0.899 0.036
0.778 0.808
0.903 0.768
0.051 0.335
0.333 0.867
0.291 0.779
0.885 0.061
0.752 0.521
0.61 0.227
0.972 0.601
0.123 0.975
0.748 0.201
0.906 0.937
0.434 0.146
0.42 0.459
0.52 0.224
0.426 0.594
0.905 0.735
0.46 0.068
0.99 0.241
0.092 0.65
0.556 0.689
0.134 0.991
0.854 0.434
0.616 0.218
0.717 0.591
0.856 0.581
0.66 0.892
0.253 0.663
0.801 0.426
0.323 0.199
0.927 0.32
0.86 0.795
0.967 0.413
0.818 0.042
0.862 0.807
0.884 0.64
0.82 0.737
0.623 0.429
0.139 0.24
0.813 0.092
0.93 0.829
0.031 0.229
0.599 0.262
0.292 0.654
0.188 0.344
0.425 0.129
0.674 0.4
0.402 0.476
0.894 0.036
0.725 0.038
0.073 0.938
0.372 0.025
0.704 0.776
0.181 0.267
0.593 0.701
0.51 0.834
0.107 0.274
0.487 0.329
0.779 0.376
0.221 0.875
0.948 0.089
0.013 0.835
0.66 0.809
0.739 0.769
0.015 0.801
0.103 0.53
0.857 0.913
0.705 0.017
0.229 0.128
0.287 0.051
0.232 0.475
0.297 0.919
0.942 0.093
0.437 0.948
0.187 0.93
0.401 0.046
0.564 0.12
0.962 0.084
0.553 0.197
0.566 0.822
0.857 0.841
0.464 0.91
0.481 0.582
0.043 0.378
0.614 0.324
0.741 0.512
0.375 0.738
0.451 0.908
0.526 0.395
0.95 0.541
0.638 0.193
0.998 0.18
0.723 0.57
0.316 0.04
0.318 0.321
0.536 0.279
0.079 0.502
0.693 0.698
0.306 0.105
0.028 0.364
0.272 0.367
0.513 0.975
0.901 0.827
0.79 0.588
0.887 0.757
0.468 0.22
0.243 0.749
0.659 0.043
0.037 0.778
0.915 0.725
0.485 0.778
0.574 0.074
0.601 0.598
0.794 0.598
0.198 0.75
0.521 0.993
0.018 0.465
0.16 0.215
0.252 0.596
0.349 0.772
0.508 0.496
0.554 0.488
0.681 0.543
0.986 0.428
0.79 0.823
0.034 0.608
0.412 0
0.09 0.692
0.682 0.417
0.62 0.176
0.114 0.147
0.923 0.357
0.599 0.297
0.091 0.609
0.173 0.53
0.382 0.822
0.277 0.339
0.147 0.769
0.395 0.1
0.121 0.413
0.455 0.988
0.008 0.287
0.961 0.734
0.242 0.844
0.1 0.922
0.933 0.918
0.046 0.977
0.853 0.257
0.957 0.223
0.888 0.711
0.439 0.426
0.685 0.861
0.013 0.753
0.773 0.343
0.189 0.52
0.428 0.835
0.176 0.233
0.608 0.016
0.615 0.09
0.403 0.061
0.243 0.814
0.552 0.699
0.55 0.49
0.147 0.569
0.963 0.601
0.185 0.469
0.92 0.921
0.27 0.769
0.73 0.672
0.602 0.418
0.637 0.001
0.01 0.083
0.558 0.522
0.395 0.174
0.099 0.493
0.491 0.103
0.958 1
0.733 0.051
0.48 0.839
0.923 0.929
0.424 0.731
0.533 0.488
0.251 0.751
0.899 0.978
0.106 0.238
0.918 0.85
0.873 0.323
0.462 0.041
0.338 0.022
0.841 0.058
0.968 0.733
0.108 0.282
0.287 0.857
0.053 0.897
0.518 0.689
0.773 0.732
0.279 0.385
0.06 0.496
0.903 0.232
0.548 0.413
0.491 0.539
0.856 0.626
0.331 0.364
0.119 0.881
0.721 0.316
0.532 0.624
0.599 0.381
0.873 0.932
0.412 0.443
0.206 0.548
0.852 0.075
0.778 0.396
0.461 0.013
0.545 0.143
0.373 0.517
0.737 0.555
0.955 0.129
0.195 0.915
0.276 0.048
0.331 0.264
0.305 0.78
0.435 0.95
0.144 0.908
0.412 0.145
0.971 0.55
0.263 0.237
0.289 0.137
0.293 0.891
0.301 0.067
0.878 0.47
0.993 0.067
0.674 0.64
0.706 0.037
0.3 0.482
0.474 0.672
0.666 0.94
0.156 0.408
0.837 0.772
0.58 0.828
0.572 0.304
0.271 0.706
0.676 0.324
0.88 0.324
0.097 0.944
0.063 0.938
0.535 0.17
0.387 0.714
0.844 0.928
0.149 0.233
0.181 0.81
0.314 0.366
0.173 0.616
0.002 0.993
0.933 0.481
0.92 0.022
0.212 0.546
0.816 0.587
0.745 0.351
0.765 0.922
0.042 0.779
0.679 0.224
0.167 0.802
0.218 0.864
0.213 0.699
0.357 0.423
0.431 0.71
0.692 0.103
0.445 0.822
0.504 0.469
0.768 0.387
0.003 0.156
0.142 0.563
0.038 0.871
0.152 0.459
0.386 0.794
0.4 0.432
0.272 0.263
0.215 0.634
0.241 0.025
0.762 0.262
0.86 0.991
0.819 0.443
0.062 0.901
0.496 0.578
0.989 0.778
0.77 0.133
0.969 0.056
0.716 0.539
0.508 0.706
0.165 0.973
0.217 0.434
0.251 0.704
0.166 0.068
0.56 0.535
0.713 0.018
0.155 0.209
0.591 0.055
0.904 0.133
0.715 0.143
0.146 0.192
0.978 0.536
0.477 0.075
0.254 0.062
0.503 0.683
0.787 0.92
0.224 0.871
0.826 0.12
0.099 0.147
0.818 0.387
0.667 0.292
0.252 0.236
0.605 0.628
0.413 0.946
0.684 0.823
0.701 0.321
0.437 0.262
0.66 0.094
0.016 0.961
0.597 0.151
0.557 0.489
0.307 0.072
0.826 0.73
0.814 0.76
0.519 0.871
0.147 0.913
0.116 0.082
0.978 0.706
0.8 0.156
0.388 0.192
0.477 0.946
0.906 0.969
0.623 0.612
0.686 0.279
0.687 0.134
0.029 0.607
0.206 0.742
0.491 0.67
0.374 0.106
0.816 0.043
0.242 0.476
0.269 0.071
0.869 0.739
0.369 0.5
0.915 0.457
0.242 0.537
0.984 0.856
0.775 0.989
0.974 0.149
0.841 0.326
0.11 0.388
0.682 0.552
0.736 0.453
0.633 0.218
0.126 0.623
0.56 0.293
0.81 0.853
0.171 0.968
0.733 0.221
0.409 0.057
0.134 0.953
0.632 0.457
0.279 0.767
0.789 0.594
0.769 0.745
0.636 0.472
0.285 0.17
0.451 0.216
0.173 0.716
0.753 0.369
0.718 0.351
0.544 0.405
0.979 0.176
0.83 0.444
0.901 0.939
0.909 0.865
0.6 0.82
0.41 0.84
0.558 0.814
0.728 0.838
0.509 0.352
0.456 0.428
0.592 0.527
0.796 0.401
0.091 0.588
0.273 0.779
0.634 0.487
0.359 0.853
0.989 0.118
0.358 0.283
0.675 0.63
0.243 0.776
0.46 0.054
0.832 0.577
0.598 0.524
0.198 0.138
0.438 0.889
0.409 0.315
0.525 0.688
0.742 0.483
0.485 0.946
0.546 0.571
0.475 0.151
0.1 0.946
0.356 0.636
0.332 0.269
0.476 0.751
0.821 0.22
0.144 0.147
0.612 0.765
0.821 0.34
0.107 0.964
0.55 0.087
0.535 0.521
0.164 0.537
0.611 0.678
0.625 0.422
0.855 0.551
0.75 0.586
0.483 0.098
0.286 0.976
0.992 0.334
0.102 0.352
0.878 0.464
0.767 0.875
0.604 0.441
0.295 0.837
0.393 0.145
0.32 0.707
0.275 0.581
0.764 0.821
0.761 0.57
0.532 0.408
0.944 0.257
0.025 0.955
0.466 0.035
0.524 0.141
0.243 0.676
0.205 0.404
0.686 0.616
0.72 0.508
0.65 0.383
0.878 0.973
0.09 0.83
0.972 0.997
0.268 0.561
0.632 0.737
0.374 0.789
0.706 0.849
0.695 0.435
0.775 0.284
0.098 0.85
0.034 0.895
0.19 0.434
0.547 0.268
0.078 0.356
0.881 0.135
0.462 0.042
0.13 0.633
0 0.998
0.208 0.761
0.817 0.204
0.253 0.339
0.467 0.067
0.131 0.446
0.449 0.775
0.323 0.046
0.199 0.68
0.264 0.55
0.868 0.956
0.537 0.492
0.453 0.204
0.605 0.072
0.217 0.608
0.936 0.088
0.755 0.738
0.014 0.295
0.686 0.932
0.432 0.608
0.554 0.714
0.069 0.925
0.686 0.435
0.375 0.579
0.211 0.766
0.201 0.446
0.975 0.529
0.169 0.954
0.978 0.522
1 0.719
0.02 0.74
0.024 0.267
0.752 0.976
0.323 0.45
0.039 0.694
0.882 0.379
0.983 0.405
0.468 0.768
0.873 0.312
0.749 0.873
0.285 0.454
0.521 0.414
0.673 0.709
0.818 0.244
0.175 0.772
0.179 0.171
0.38 0.776
0.04 0.224
0.749 0.682
0.082 0.832
0.978 0.856
0.371 0.676
0.396 0.596
0.82 0.277
0.615 0.98
0.851 0.309
0.726 0.665
0.649 0.572
0.258 0.197
0.971 0.554
0.075 0.462
0.215 0.876
0.528 0.79
0.208 0.198
0.273 0.461
0.722 0.336
0.79 0.25
0.372 0.177
0.267 0.642
0.095 0.983
0.714 0.482
0.257 0.719
0.81 0.629
0.548 0.592
0.491 0.964
0.76 0.255
0.8 0.47
0.453 0.24
0.834 0.798
0.4 0.023
0.414 0.962
0.418 0.352
0.437 0.185
0.15 0.423
0.103 0.944
0.222 0.7
0.638 0.337
0.869 1
0.175 0.943
0.608 0.373
0.796 0.386
0.64 0.113
0.505 0.247
0.989 0.49
0.127 0.552
0.337 0.25
0.295 0.468
0.094 0.084
0.809 0.646
0.612 0.872
0.444 0.738
0.668 0.535
0.049 0.001
0.228 0.029
0.228 0.045
0.759 0.369
0.526 0.849
0.709 0.017
0.174 0.349
0.602 0.079
0.377 0.747
0.856 0.759
0.398 0.308
0.158 0.233
0.991 0.144
0.045 0.639
0.187 0.369
0.117 0.351
0.544 0.406
0.729 0.753
0.2 0.684
0.413 0.791
0.971 0.673
0.444 0.043
0.297 0.376
0.883 0.282
0.804 0.284
0.17 0.145
0.71 0.912
0.764 0.255
0.471 0.816
0.589 0.229
0.737 0.489
0.267 0.032
0.115 0.688
0.145 0.091
0.626 0.708
0.465 0.871
0.347 0.391
0.644 0.127
0.719 0.562
0.637 0.39
0.972 0.8
0.349 0.337
0.779 0.285
0.812 0.161
0.933 0.587
0.759 0.54
0.322 0.382
0.77 0.756
0.222 0.456
0.099 0.566
0.07 0.545
0.293 0.396
0.803 0.74
0.014 0.124
0.054 0.185
0.889 0.665
0.436 0.61
0.1 0.71
0.983 0.539
0.421 0.248
0.99 0.533
0.188 0.121
0.738 0.852
0.55 0.451
0.988 0.524
0.595 0.615
0.459 0.459
0.553 0.381
0.419 0.456
0.379 0.547
0.012 0.895
0.938 0.709
0.417 0.764
0.456 0.766
0.734 0.358
0.987 0.043
0.923 0.998
0.361 0.181
0.547 0.861
0.018 0.074
0.728 0.651
0.014 0.805
0.219 0.819
0.849 0.394
0.206 0.428
0.41 0.031
0.071 0.645
0.569 0.624
0.537 0.256
0.886 0.665
0.006 0.264
0.123 0.626
0.474 0.734
0.402 0.317
0.672 0.889
0.066 0.868
0.901 0.328
0.325 0.62
0.078 0.567
0.067 0.024
0.578 0.071
0.159 0.136
0.006 0.498
0.046 0
0.144 0.815
0.384 0.953
0.075 0.356
0.455 0.096
0.786 0.232
0.288 0.516
0.537 0.048
0.865 0.833
0.952 0.258
0.406 0.202
0.122 0.956
0.31 0.357
0.671 0.686
0.529 0.809
0.952 0.09
0.384 0.513
0.723 0.112
0.653 0.836
0.511 0.837
0.09 0.051
0.933 0.455
0.849 0.687
0.662 0.292
0.268 0.257
0.196 0.347
0.453 0.554
0.203 0.609
0.425 0.557
0.024 0.101
0.801 0.388
0.281 0.16
0.342 0.065
0.482 0.026
0.71 0.17
0.716 0.48
0.355 0.167
0.183 0.777
0.082 0.863
0.333 0.352
0.413 0.189
0.68 0.444
0.309 0.125
0.477 0.985
0.009 0.755
0.845 0.826
0.635 0.604
0.461 0.02
0.162 0.113
0.505 0.907
0.691 0.945
0.124 0.168
0.115 0.086
0.209 0.102
0.784 0.999
0.932 0.859
0.178 0.963
0.846 0.399
0.932 0.966
0.657 0.854
0.407 0.898
0.063 0.838
0.544 0.369
0.256 0.561
0.101 0.34
0.598 0.573
0.11 0.061
0.468 0.826
0.928 0.001
0.407 0.485
0.181 0.173
0.342 0.752
0.929 0.936
0.07 0.474
0.392 0.571
0.024 0.826
0.179 0.16
0.012 0.058
0.89 0.46
0.997 0.508
0.63 0.513
0.499 0.526
0.862 0.817
0.575 0.01
0.89 0.13
0.046 0.979
0.828 0.123
0.809 0.547
0.244 0.96
0.189 0.199
0.878 0.301
0.893 0.143
0.164 0.537
0.692 0.146
0.207 0.836
0.779 0.957
0.969 0.891
0.083 0.264
0.426 0.162
0.775 0.59
0.314 0.447
0.385 0.314
0.653 0.503
0.607 0.125
0.25 0.702
0.175 0.25
0.954 0.905
0.668 0.301
0.682 0.778
0.295 0.699
0.087 0.053
0.058 0.785
0.349 0.757
0.217 0.965
0.19 0.911
0.492 0.273
0.999 0.481
0.555 0.49
0.97 0.83
0.047 0.681
0.02 0.589
0.197 0.835
0.037 0.581
0.527 0.218
0.271 0.128
0.949 0.052
0.768 0.118
0.796 0.766
0.486 0.152
0.372 0.276
0.129 0.852
0.183 0.606
0.018 0.515
0.675 0.649
0.937 0.805
0.535 0.982
0.379 0.543
0.621 0.305
0.926 0.125
0.944 0.333
0.218 0.915
0.709 0.957
0.862 0.899
0.78 0.454
0.045 0.935
0.011 0.582
0.067 0.58
0.87 0.709
0.135 0.33
0.475 0.203
0.095 0.254
0.506 0.426
0.161 0.299
0.211 0.283
0.264 0.517
0.75 0.449
0.35 0.428
0.565 0.423
0.571 0.445
0.361 0.773
0.767 0.19
0.262 0.68
0.002 0.402
0.135 0.071
0.652 0.523
0.674 0.71
0.837 0.397
0.432 0.462
0.42 0.353
0.461 0.537
0.079 0.597
0.754 0.212
0.653 0.04
0.17 0.145
0.741 0.937
0.927 0.484
0.548 0.56
0.922 0.368
0.517 0.017
0.335 0.494
0.355 0.712
0.654 0.259
0.195 0.635
0.143 0.373
0.484 0.96
0.467 0.366
0.776 0.392
0.649 0.575
0.447 0.09
0.11 0.284
0.065 0.942
0.423 0.661
0.089 0.176
0.451 0.653
0.782 0.986
0.915 0.083
0.249 0.746
0.468 0.351
0.791 0.968
0.708 0.547
0.637 0.924
0.585 0.48
0.345 0.054
0.369 0.862
0.215 0.729
0.166 0.211
0.887 0.683
0.366 0.212
0.315 0.989
0.035 0.214
0.402 0.314
0.355 0.848
0.349 0.29
0.834 0.961
0.625 0.107
0.817 0.949
0.174 0.281
0.305 0.062
0.688 0.391
0.943 0.704
0.978 0.87
0.051 0.767
0.863 0.305
0.829 0.419
0.628 0.441
0.265 0.002
0.042 0.609
0.964 0.103
0.155 0.768
0.191 0.796
0.34 0.1
0.402 0.379
0.872 0.885
0.047 0.769
0.024 0.863
0.428 0.573
0.239 0.183
0.615 0.734
0.829 0.813
0.393 0.872
0.177 0
0.395 0.111
0.746 0.927
0.084 0.213
0.441 0.625
0.387 0.979
0.167 0.441
0.752 0.48
0.518 0.608
0.431 0.459
0.22 0.325
0.718 0.309
0.987 0.892
0.694 0.631
0.675 0.396
0.997 0.997
0.127 0.42
0.874 0.905
0.463 0.916
0.094 0.435
0.671 0.332
0.931 0.897
0.451 0.484
0.188 0.467
0.122 0.556
0.004 0.2
0.519 0.02
0.732 0.798
0.956 0.241
0.266 0.657
0.465 0.37
0.346 0.063
0.594 0.948
0.084 0.42
0.94 0.68
0.991 0.075
0.32 0.382
0.529 0.615
0.915 0.771
0.068 0.395
0.702 0.384
0.716 0.269
0.017 0.112
0.694 0.292
0.626 0.707
0.768 0.008
0.848 0.442
0.508 0.913
0.234 0.914
0.34 0.432
