0.044 0.091
0.343 0.595
0.241 0.271
0.07 0.777
0.391 0.01
0.694 0.536
0.598 0.166
0.969 0.281
0.426 0.66
0.346 0.982
0.257 0.484
0.957 0.833
0.175 0.779
0.422 0.375
0.032 0.464
0.45 0.074
0.755 0.09
0.504 0.141
0.356 0.683
0.562 0.541
0.668 0.701
0.8 0.913
0.337 0.616
0.129 0.945
0.745 0.646
0.199 0.109
0.4 0.848
0.69 0.787
0.619 0.414
0.887 0.353
0.727 0.555
0.896 0.245
0.526 0.472
0.378 0.375
0.345 0.693
0.418 0.614
0.764 0.237
0.048 0.995
0.286 0.602
0.332 0.518
0.937 0.522
0.03 0.216
0.325 0.178
0.408 0.541
0.068 0.954
0.515 0.538
0.856 0.393
0.275 0.682
0.09 0.077
0.628 0.284
0.752 0.915
0.309 0.166
0.609 0.277
0.532 0.165
0.806 0.076
0.501 0.292
0.05 0.74
0.338 0.998
0.398 0.15
0.799 0.217
0.667 0.832
0.393 0.648
0.442 0.564
0.958 0.729
0.603 0.298
0.319 0.799
0.233 0.557
0.732 0.212
0.086 0.561
0.065 0.482
0.579 0.789
0.184 0.397
0.408 0.573
0.814 0.352
0.569 0.831
0.643 0.983
0.834 0.034
0.274 0.877
0.624 0.101
0.608 0.773
0.027 0.757
0.24 0.792
0.565 0.012
0.691 0.337
0.62 0.323
0.337 0.742
0.2 0.734
0.697 0.537
0.817 0.787
0.551 0.654
0.906 0.676
0.96 0.843
0.467 0.308
0.311 0.621
0.183 0.373
0.459 0.098
0.012 0.627
0.32 0.134
0.103 0.331
0.547 0.23
0.324 0.085
0.762 0.945
0.847 0.505
0.656 0.52
0.565 0.433
0.576 0.748
0.852 0.532
0.392 0.909
0.424 0.686
0.648 0.223
0.222 0.46
0.305 0.774
0.486 0.104
0.682 0.114
0.117 0.687
0.163 0.158
0.852 0.862
0.418 0.036
0.869 0.346
0.034 0.465
0.953 0.589
0.373 0.153
0.233 0.902
0.085 0.127
0.629 0.222
0.566 0.495
0.754 0.303
0.708 0.497
0.858 0.615
0.642 0.281
0.725 0.911
0.765 0.489
0.075 0.485
0.052 0.697
0.41 0.162
0.779 0.592
0.499 0.617
0.83 0.395
0.461 0.474
0.281 0.494
0.164 0.467
0.541 0.455
0.905 0.235
0.59 0.748
0.284 0.932
0.187 0.866
0.422 0.222
0.077 0.636
0.349 0.28
0.342 0.548
0.523 0.243
0.726 0.964
0.471 0.11
0.029 0.937
0.589 0.265
0.989 0.372
0.657 0.788
0.716 0.859
0.122 0.775
0.376 0.904
0.14 0.791
0.234 0.036
0.294 0.499
0.658 0.381
0.306 0.597
0.426 0.684
0.639 0.54
0.686 0.213
0.144 0.479
0.456 0.183
0.524 0.011
0.307 0.226
0.479 0.78
0.164 0.138
0.028 0.565
0.321 0.652
0.076 0.481
0.363 0.232
0.066 0.537
0.624 0.611
0.529 0.335
0.578 0.67
0.774 0.654
0.825 0.082
0.014 0.89
0.054 0.545
0.549 0.775
0.846 0.57
0.957 0.119
0.157 0.463
0.564 0.639
0.976 0.725
0.227 0.312
0.354 0.301
0.582 0.257
0.128 0.992
0.615 0.626
0.534 0.749
0.325 0.314
0.611 0.618
0.591 0.534
0.437 0.105
0.8 0.337
0.833 0.017
0.691 0.449
0.63 0.944
0.846 0.687
0.723 0.017
0.945 0.092
0.651 0.564
0.533 0.709
0.152 0.823
0.908 0.681
0.695 0.164
0.069 0.171
0.545 0.975
0.863 0.625
0.144 0.421
0.055 0.072
0.735 0.287
0.769 0.962
0.45 0.162
0.781 0.317
0.445 0.205
0.592 0.442
0.895 0.077
0.256 0.388
0.712 0.98
0.233 0.41
0.658 0.838
0.633 0.265
0.954 0.143
0.566 0.665
0.653 0.52
0.68 0.806
0.851 0.145
0.756 0.875
0.68 0.909
0.98 0.001
0.652 0.068
0.28 0.477
0.656 0.576
0.939 0.655
0.119 0.644
0.165 0.072
0.157 0.161
0.757 0.29
0.466 0.425
0.657 0.383
0.364 0.372
0.949 0.695
0.304 0.724
0.232 0.163
0.784 0.178
0.844 0.395
0.825 0.223
0.602 0.602
0.172 0.53
0.881 0.787
0.782 0.634
0.759 0.889
0.919 0
0.827 0.068
0.478 0.757
0.632 0.593
0.616 0.419
0.189 0.611
0.991 0.73
0.731 0.354
0.422 0.44
0.418 0.013
0.068 0.599
0.164 0.979
0.613 0.617
0.5 0.189
0.876 0.813
0.082 0.899
0.537 0.424
0.548 0.34
0.009 0.853
0.675 0.334
0.409 0.574
0.907 0.285
0.366 0.71
0.589 0.203
0.187 0.366
0.66 0.558
0.523 0.022
0.259 0.32
0.078 0.191
0.858 0.923
0.139 0.409
0.423 0.899
0.334 0.712
0.802 0.238
0.318 0.061
0.249 0.201
0.942 0.692
0.454 0.106
0.982 0.049
0.571 0.55
0.601 0.84
0.313 0.593
0.36 0.569
0.252 0.836
0.599 0.874
0.335 0.966
0.876 0.701
0.075 0.445
0.299 0.611
0.789 0.815
0.756 0.777
0.297 0.811
0.078 0.099
0.035 0.852
0.627 0.974
0.714 0.461
0.587 0.947
0.299 0.127
0.581 0.48
0.931 0.756
0.137 0.963
0.488 0.689
0.422 0.33
0.823 0.381
0.821 0.285
0.354 0.717
0.973 0.026
0.511 0.006
0.879 0.331
0.233 0.485
0.451 0.016
0.069 0.291
0.06 0.513
0.387 0.508
0.221 0.039
0.361 0.863
0.585 0.225
0.191 0.325
0.943 0.518
0.927 0.572
0.749 0.69
0.458 0.307
0.654 0.881
0.064 0.982
0.334 0.125
0.012 0.566
0.37 0.817
0.642 0.151
0.542 0.303
0.199 0.79
0.408 0.37
0.089 0.433
0.768 0.374
0.437 0.291
0.165 0.321
0.661 0.171
0.13 0.932
0.645 0.281
0.576 0.251
0.879 0.626
0.571 0.431
0.92 0.838
0.13 0.117
0.447 0.71
0.543 0.027
0.263 0.895
0.774 0.437
0.411 0.032
0.441 0.858
0.39 0.658
0.324 0.902
0.048 0.564
0.618 0.586
0.371 0.783
0.286 0.418
0.356 0.914
0.709 0.194
0.413 0.17
0.038 0.969
0.983 0.388
0.977 0.129
0.43 0.395
0.308 0.306
0.368 0.513
0.76 0.063
0.271 0.889
0.744 0.2
0.064 0.211
0.384 0.7
0.94 0.345
0.893 0.972
0.915 0.31
0.267 0.778
0.536 0.62
0.91 0.262
0.496 0.633
0.423 0.525
0.194 0.256
0.507 0.089
0.22 0.955
0.608 0.855
0.946 0.307
0.313 0.324
0.225 0.81
0.74 0.795
0.506 0.365
0.335 0.073
0.45 0.041
0.43 0.011
0.445 0.102
0.179 0.259
0.243 0.915
0.923 0.808
0.165 0.1
0.692 0.797
0.239 0.521
0.004 0.563
0.127 0.686
0.956 0.893
0.735 0.603
0.394 0.802
0.133 0.688
0.056 0.523
0.609 0.414
0.581 0.201
0.209 0.188
0.521 0.733
0.436 0.726
0.179 0.571
0.067 0.465
0.485 0.689
0.443 0.338
0.692 0.462
0.443 0.924
0.158 0.159
0.605 0.33
0.787 0.448
0.208 0.017
0.119 0.631
0.254 0.698
0.031 0.121
0.95 0.105
0.97 0.623
0.296 0.581
0.568 0.825
0.474 0.754
0.335 0.454
0.069 0.616
0.288 0.035
0.571 0.311
0.706 0.689
0.801 0.019
0.017 0.079
0.758 0.984
0.831 0.61
0.26 0.717
0.762 0.489
0.699 0.736
0.327 0.911
0.06 0.019
0.656 0.309
0.605 0.288
0.726 0.561
0.632 0.526
0.399 0.235
0.366 0.323
0.683 0.882
0.502 0.986
0.858 0.307
0.191 0.601
0.853 0.979
0.516 0.051
0.21 0.963
0.604 0.086
0.222 0.42
0.915 0.867
0.943 0.505
0.53 0.781
0.174 0.052
0.862 0.324
0.033 0.486
0.268 0.029
0.735 0.51
0.697 0.565
0.271 0.951
0.238 0.278
0.35 0.363
0.86 0.307
0.954 0.469
0.661 0.085
0.586 0.812
0.325 0.443
0.86 0.304
0.43 0.863
0.557 0.871
0.237 0.494
0.865 0.419
0.831 0.422
0.34 0.125
0.328 0.324
0.154 0.768
0.537 0.077
0.85 0.432
0.144 0.905
0.029 0.345
0.984 0.317
0.38 0.586
0.973 0.886
0.238 0.335
0.136 0.763
0.252 0.47
0.984 0.07
0.498 0.343
0.254 0.677
0.741 0.914
0.553 0.914
0.07 0.256
0.841 0.718
0.114 0.223
0.97 0.23
0.139 0.665
0.591 0.226
0.397 0.082
0.286 0.559
0.637 0.699
0.061 0.425
0.468 0.942
0.546 0.584
0.264 0.568
0.321 0.3
0.482 0.102
0.338 0.472
0.512 0.591
0.487 0.307
0.797 0.614
0.417 0.957
0.184 0.71
0.561 0.441
0.991 0.215
0.71 0.116
0.748 0.435
0.262 0.389
0.712 0.951
0.643 0.851
0.367 0.61
0.461 0.249
0.199 0.822
0.335 0.167
0.168 0.68
0.46 0.346
0.522 0.055
0.05 0.575
0.465 0.701
0.88 0.983
0.284 0.738
0.901 0.766
0.728 0.058
0.118 0.378
0.052 0.47
0.743 0.241
0.469 0.928
0.688 0.608
0.563 0.448
0.475 0.45
0.396 0.906
0.858 0.253
0.274 0.839
0.713 0.275
0.742 0.333
0.383 0.996
0.23 0.507
0.532 0.939
0.398 0.29
0.182 0.243
0.859 0.371
0 0.353
0.901 0.452
0.924 0.379
0.543 0.525
0.64 0.531
0.216 0.063
0.628 0.84
0.071 0.829
0.196 0.593
0.913 0.302
0.551 0.812
0.08 0.69
0.491 0.36
0.509 0.792
0.327 0.224
0.799 0.779
0.115 0.338
0.185 0.583
0.414 0.426
0.936 0.902
0.256 0.645
0.847 0.212
0.363 0.041
0.231 0.259
0.308 0.294
0.866 0.187
0.186 0.623
0.648 0.292
0.68 0.302
0.481 0.225
0.599 0.748
0.367 0.241
0 0.84
0.517 0.4
0.31 0.534
0.042 0.476
0.7 0.313
0.702 0.353
0.505 0.714
0.898 0.144
0.601 0.431
0.627 0.095
0.733 0.54
0.046 0.689
0.481 0.536
0.193 0.198
0.837 0.099
0.564 0.562
0.849 0.32
0.018 0.72
0.616 0.406
0.788 0.041
0.096 0.815
0.861 0.432
0.612 0.369
0.985 0.397
0.112 0.08
0.151 0.55
0.752 0.33
0.686 0.035
0.292 0.851
0.925 0.257
0.053 0.487
0.748 0.174
0.54 0.735
0.742 0.092
0.184 0.609
0.601 0.702
0.848 0.718
0.805 0.864
0.621 0.909
0.5 0.973
0.359 0.075
0.591 0.071
0.448 0.152
0.809 0.383
0.46 0.325
0.153 0.686
0.374 0.508
0.309 0.617
0.496 0.06
0.939 0.216
0.247 0.627
0.473 0.4
0.043 0.612
0.742 0.8
0.319 0.361
0.484 0.934
0.137 0.804
0.029 0.126
0.817 0.29
0.156 0.567
0.611 0.798
0.286 0.709
0.511 0.149
0.203 0.208
0.356 0.299
0.996 0.058
0.684 0.337
0.225 0.389
0.314 0.582
0.279 0.805
0.874 0.939
0.541 0.649
0.931 0.145
0.951 0.12
0.559 0.211
0.097 0.787
0.588 0.393
0.133 0.29
0.823 0.319
0.154 0.636
0.241 0.739
0.022 0.26
0.955 0.006
0.446 0.555
0.246 0.529
0.957 0.444
0.566 0.981
0.31 0.124
0.028 0.532
0.299 0.46
0.693 0.511
0.236 0.085
0.776 0.994
0.964 0.333
0.514 0.318
0.245 0.691
0.286 0.692
0.8 0.199
0.638 0.821
0.818 0.093
0.699 0.111
0.509 0.49
0.056 0.481
0.257 0.407
0.144 0.89
0.687 0.232
0.619 0.174
0.54 0.812
0.718 0.035
0.713 0.95
0.173 0.568
0.061 0.945
0.372 0.228
0.771 0.463
0.691 0.358
0.056 0.775
0.752 0.747
0.074 0.657
0.328 0.824
0.883 0.917
0.797 0.964
0.657 0.993
0.587 0.635
0.474 0.687
0.027 0.448
0.513 0.72
0.5 0.416
0.548 0.132
0.598 0.705
0.312 0.313
0.185 0.321
0.178 0.473
0.231 0.877
0.514 0.866
0.802 0.313
0.781 0.85
0.46 0.458
0.682 0.769
0.49 0.659
0.867 0.474
0.538 0.446
0.163 0.434
0.311 0.861
0.151 0.237
0.074 0.237
0.259 0.013
0.308 0.334
0.496 0.638
0.71 0.494
0.563 0.038
0.689 0.382
0.313 0.567
0.352 0.636
0.432 0.531
0.074 0.198
0.313 0.306
0.034 0.007
0.127 0.353
0.272 0.027
0.15 0.408
0.659 0.23
0.585 0.77
0.89 0.94
0.416 0.084
0.51 0.084
0.679 0.776
0.639 0.113
0.141 0.944
0.705 0.307
0.448 0.721
0.197 0.595
0.706 0.89
0.844 0.393
0.33 0.68
0.961 0.964
0.385 0.574
0.163 0.11
0.458 0.259
0.818 0.278
0.38 0.411
0.168 0.423
0.99 0.882
0.625 0.251
0.756 0.226
0.97 0.778
0.791 0.251
0.834 0.845
0.033 0.037
0.51 0.154
0.835 0.089
0.535 0.841
0.728 0.029
0.677 0.061
0.244 0.366
0.153 0.409
0.597 0.85
0.501 0.306
0.552 0.635
0.996 0.926
0.207 0.027
0.342 0.848
0.864 0.713
0.867 0.071
0.316 0.605
0.589 0.069
0.692 0.461
0.272 0.75
0.618 0.648
0.296 0.557
0.974 0.182
0.808 0.579
0.9 0.939
0.541 0.555
0.823 0.05
0.217 0.659
0.056 0.211
0.03 0.663
0.061 0.963
0.971 0.847
0.61 0.082
0.856 0.735
0.826 0.414
0.828 0.439
0.321 0.873
0.548 0.356
0.343 0.003
0.542 0.626
0.358 0.324
0.067 0.748
0.988 0.553
0.871 0.63
0.48 0.07
0.462 0.067
0.914 0.002
0.257 0.075
0.796 0.267
0.096 0.772
0.622 0.977
0.972 0.251
0.341 0.52
0.025 0.184
0.512 0.6
0.761 0.578
0.139 0.224
0.345 0.014
0.632 0.572
0.179 0.937
0.164 0.675
0.811 0.99
0.412 0.103
0.427 0.847
0.057 0.534
0.315 0.762
0.13 0.917
0.588 0.245
0.072 0.448
0.01 0.377
0.038 0.949
0.721 0.322
0.706 0.696
0.912 0.245
0.27 0.211
0.691 0.802
0.621 0.937
0.262 0.849
0.477 0.213
0.026 0.904
0.14 0.625
0.057 0.9
0.598 0.736
0.944 0.339
0.146 0.884
0.534 0.704
0.679 0.495
0.528 0.93
0.821 0.373
0.26 0.086
0.617 0.311
0.858 0.841
0.396 0.135
0.955 0.825
0.699 0.484
0.514 0.381
0.823 0.592
0.292 0.08
0.939 0.349
0.887 0.844
0.554 0.366
0.903 0.281
0.853 0.366
0.462 0.599
0.809 0.992
0.16 0.739
0.049 0.186
0.986 0.587
0.866 0.597
0.57 0.913
0.067 0.808
0.933 0.541
0.712 0.327
0.529 0.014
0.731 0.407
0.177 0.253
0.524 0.801
0.376 0.722
0.179 0.686
0.859 0.448
0.294 0.862
0.069 0.895
0.879 0.561
0.229 0.702
0.702 0.748
0.004 0.603
0.561 0.28
0.704 0.829
0.714 0.824
0.762 0.909
0.279 0.299
0.16 0.187
0.909 0.403
0.49 0.126
0.206 0.524
0.962 0.455
0.936 0.398
0.515 0.801
0.079 0.161
0.388 0.029
0.612 0.387
0.375 0.672
0.563 0.94
0.102 0.815
0.034 0.653
0.731 0.782
0.025 0.56
0.559 0.393
0.065 0.228
0.736 0.419
0.885 0.154
0.603 0.048
0.75 0.325
0.186 0.46
0.088 0.185
0.375 0.012
0.132 0.826
0.074 0.392
0.856 0.298
0.308 0.727
0.912 0.957
0.129 0.887
0.343 0.255
0.95 0.065
0.177 0.17
0.878 0.541
0.624 0.322
0.255 0.519
0.992 0.471
0.575 0.165
0.008 0.243
0.692 0.276
0.361 0.276
0.977 0.849
0.949 0.337
0.56 0.447
0.942 0.249
0.456 0.762
0.064 0.599
0.814 0.262
0.995 0.963
0.901 0.933
0.501 0.983
0.98 0.812
0.275 0.238
0.393 0.437
0.61 0.947
0.009 0.104
0.166 0.258
0.706 0.36
0.486 0.245
0.269 0.718
0.225 0.823
0.636 0.969
0.425 0.807
0.221 0.96
0.299 0.914
0.801 0.317
0.26 0.294
0.009 0.526
0.247 0.87
0.835 0.877
0.592 0.849
0.058 0.637
0.245 0.13
